Date_Run	BY	Primer	Sample	Animal	Group	Tissue	Age	Threshold	Slope	Intercept	R2	CT1	CT2	Copy_1	Copy_2	ng_RNA	CONV>ng RNA	per_ng_1	per_ng_2	Mean	Stdev	Coeff_pct	CT3	Copy_3	per_ng_3
3/19/2020	DV	AV4	1B10A	1	B10	A	11.9	0.109	-3.1	33.93	1	14.37	14.21	2.03E+06	2.28E+06	200	10	203160.00	228425.00	215792.00	17865.00	0.08			
3/19/2020	DV	AV4	2B10A	2	B10	A	11.9	0.109	-3.1	33.93	1	16.45	16.32	4.32E+05	4.78E+05	200	10	43180.00	47811.00	45495.00	3275.00	0.07			
3/19/2020	DV	AV4	3B10A	3	B10	A	11.9	0.109	-3.1	33.93	1	15.32	15.71	1.00E+06	7.47E+05	200	10	100348.00	74718.00	87533.00	18123.00	0.21			
8/23/2019	DV	AV4	5B31A	5	B31	A	13.8	0.346	-3.311	36.42	0.999	27.26	26.99	5.84E+02	7.02E+02		10	58.40	70.20	64.00	8.00	0.13			
8/23/2019	DV	AV4	7B31A	7	B31	A	13.8	0.346	-3.311	36.42	0.999	17.36	17.43	5.71E+05	5.45E+05		10	57070.00	54450.00	55760.00	1853.00	0.03			
8/23/2019	DV	AV4	8B31A	8	B31	A	13.8	0.346	-3.311	36.42	0.999	16.55	16.71	1.00E+06	8.93E+05		10	100200.00	89310.00	94755.00	7700.00	0.08			
7/16/2019	DV	AV4	3B31A	3	B31	A	13.8	0.6721	-3.293	37.18	0.999	17.54	17.55	9.24E+05	9.20E+05		14.7	62829.90	62551.00	62690.00	197.00	0.00			
7/16/2019	DV	AV4	4B31A	4	B31	A	13.8	0.6721	-3.293	37.18	0.999	19.79	20.05	1.91E+05	1.59E+05		10	19090.00	15940.00	17515.00	2227.00	0.13			
9/19/2019	DWP	AV4	9B23A	9	B23	A	16.2		-3.3	37.25		19.67	19.61	2.10E+05	2.20E+05	200	10	21160.00	22160.00	21660.00	707.00	0.03			
10/15/2019	DWP	AV4	10B23A	10	B23	A	16.2		-3.21	37.14		27.06	26.59	1.40E+03	1.90E+03	200	10	139.00	194.00	167.00	39.00	0.23			
10/15/2019	DWP	AV4	11B23A	11	B23	A	16.2		-3.21	37.14		23.73	23.67	1.50E+04	1.60E+04	200	10	1523.00	1583.00	1553.00	42.00	0.03			
10/15/2019	DWP	AV4	12B23A	12	B23	A	16.2		-3.21	37.14		20.68	20.56	1.40E+05	1.50E+05	200	10	13640.00	14810.00	14225.00	827.00	0.06			
2/24/2020	DWP	AV4	17B15A	17	B15	A	18.7	0	-3.2884	35.9018	0.9894	16.61	17.011	7.34E+05	5.56E+05	200	10	73442.00	55567.00	64505.00	12640.00	0.20			
2/24/2020	DWP	AV4	18B15A	18	B15	A	18.7	0	-3.2884	35.9018	0.9894	15.87	16.339	1.23E+06	8.90E+05	200	10	123467.00	88952.00	106209.00	24406.00	0.23			
2/24/2020	DWP	AV4	19B15A	19	B15	A	18.7	0	-3.2884	35.9018	0.9894	15.06	15.348	2.18E+06	1.78E+06	200	10	218319.00	178046.00	198183.00	28478.00	0.14			
3/19/2020	DV	AV4	1B10G	1	B10	G	11.9	0.109	-3.1	33.93	1	18.75	18.45	7.83E+04	9.78E+04	200	10	7827.00	9782.00	8804.00	1382.00	0.16			
3/19/2020	DV	AV4	2B10G	2	B10	G	11.9	0.109	-3.1	33.93	1	20.44	20.38	2.23E+04	2.34E+04	200	10	2230.00	2338.00	2284.00	76.00	0.03			
3/19/2020	DV	AV4	3B10G	3	B10	G	11.9	0.109	-3.1	33.93	1	18.13	18.55	1.24E+05	9.09E+04	200	10	12401.00	9092.00	10747.00	2339.00	0.22			
8/23/2019	DV	AV4	5B31G	5	B31	G	13.8	0.346	-3.311	36.42	0.999	22.07	22.25	2.16E+04	1.90E+04		10	2156.00	1896.00	2026.00	184.00	0.09			
8/23/2019	DV	AV4	6B31G	6	B31	G	13.8	0.346	-3.311	36.42	0.999	19.6	19.61	1.20E+05	1.19E+05		10	11990.00	11910.00	11950.00	57.00	0.00			
8/23/2019	DV	AV4	7B31G	7	B31	G	13.8	0.346	-3.311	36.42	0.999	19.4	19.92	1.38E+05	9.63E+04		10	13820.00	9633.00	11727.00	2961.00	0.25			
8/23/2019	DV	AV4	8B31G	8	B31	G	13.8	0.346	-3.311	36.42	0.999	15.24	15.83	2.49E+06	1.65E+06		10	248700.00	165000.00	206850.00	59185.00	0.29			
7/16/2019	DV	AV4	2B31G	2	B31	G	13.8	0.6721	-3.293	37.18	0.999	29.16	28.93	2.74E+02	3.21E+02		8.4	32.60	38.20	35.00	4.00	0.11			
7/16/2019	DV	AV4	3B31G	3	B31	G	13.8	0.6721	-3.293	37.18	0.999	19.23	19.41	2.84E+05	2.50E+05		14.7	19319.70	17034.00	18177.00	1616.00	0.09			
7/16/2019	DV	AV4	4B31G	4	B31	G	13.8	0.6721	-3.293	37.18	0.999	19.82	19.85	1.87E+05	1.84E+05		10	18700.00	18360.00	18530.00	240.00	0.01			
5/22/2019	DV	AV4	1B31G	1	B31	G	13.8	0.3245	-3.285	0	0.998	17.11	17.25	5.38E+05	4.88E+05		8.4	64035.71	58095.24	61065.48	4200.55	0.07			
5/16/2019	DV	AV4	1B31G	1	B31	G	13.8	0.1738	-3.225	0	0.999	15.54	15.41	7.60E+05	8.32E+05		8.4	90416.67	99035.71	83257.94	20325.71	0.24	16.11	"506,700"	6.03E+04
9/19/2019	DWP	AV4	9B23G	9	B23	G	16.2		-3.3	37.25		17.83	17.66	7.70E+05	8.60E+05	200	10	76640.00	86220.00	81430.00	6774.00	0.08			
10/15/2019	DWP	AV4	10B23G	10	B23	G	16.2		-3.21	37.14		30.44	30.42	1.20E+02	1.20E+02	200	10	12.00	12.00	12.00	0.00	0.01			
10/15/2019	DWP	AV4	11B23G	11	B23	G	16.2		-3.21	37.14		24.23	24.64	1.10E+04	7.90E+03	200	10	1063.00	788.00	926.00	194.00	0.21			
10/15/2019	DWP	AV4	12B23G	12	B23	G	16.2		-3.21	37.14		21.57	22.33	7.20E+04	4.20E+04	200	10	7170.00	4165.00	5668.00	2125.00	0.37			
2/24/2020	DWP	AV4	17B15G	17	B15	G	18.7	0	-3.2884	35.9018	0.9894	16.38	17.02	8.62E+05	5.52E+05	200	10	86158.00	55186.00	70672.00	21900.00	0.31			
2/24/2020	DWP	AV4	18B15G	18	B15	G	18.7	0	-3.2884	35.9018	0.9894	18.22	18.983	2.38E+05	1.40E+05	200	10	23838.00	13960.00	18899.00	6984.00	0.37			
2/24/2020	DWP	AV4	19B15G	19	B15	G	18.7	0	-3.2884	35.9018	0.9894	15.67	16.373	1.42E+06	8.68E+05	200	10	142044.00	86824.00	114434.00	39046.00	0.34			
3/19/2020	DV	AV4	1B10H	1	B10	H	11.9	0.109	-3.1	33.93	1	14.69	14.74	1.60E+06	1.54E+06	200	10	159842.00	154356.00	157099.00	3879.00	0.02			
3/19/2020	DV	AV4	2B10H	2	B10	H	11.9	0.109	-3.1	33.93	1	16.19	16.3	5.25E+05	4.85E+05	200	10	52483.00	48469.00	50476.00	2838.00	0.06			
3/19/2020	DV	AV4	3B10H	3	B10	H	11.9	0.109	-3.1	33.93	1	16.1	16.16	5.59E+05	5.38E+05	200	10	55918.00	53754.00	54836.00	1530.00	0.03			
8/23/2019	DV	AV4	5B31H	5	B31	H	13.8	0.346	-3.311	36.42	0.999	21.86	22.64	2.49E+04	1.45E+04		10	2490.00	1450.00	1970.00	735.00	0.37			
8/23/2019	DV	AV4	6B31H	6	B31	H	13.8	0.346	-3.311	36.42	0.999	22.6	22.57	1.49E+04	1.52E+04		10	1493.00	1523.00	1508.00	21.00	0.01			
8/23/2019	DV	AV4	7B31H	7	B31	H	13.8	0.346	-3.311	36.42	0.999	22.01	21.84	2.25E+04	2.53E+04		10	2252.00	2534.00	2393.00	199.00	0.08			
8/23/2019	DV	AV4	8B31H	8	B31	H	13.8	0.346	-3.311	36.42	0.999	17.64	17.85	4.70E+05	4.05E+05		10	46980.00	40520.00	43750.00	4568.00	0.10			
7/16/2019	DV	AV4	4B31H	4	B31	H	13.8	0.6721	-3.293	37.18	0.999	16.23	15.97	2.30E+06	2.77E+06		10	230100.00	277300.00	253700.00	33375.00	0.13			
9/19/2019	DWP	AV4	9B23H	9	B23	H	16.2		-3.3	37.25		20.5	19.11	1.20E+05	3.10E+05	200	10	11890.00	31470.00	21680.00	13845.00	0.64			
10/15/2019	DWP	AV4	10B23H	10	B23	H	16.2		-3.21	37.14		28.38	26.62	5.40E+02	1.90E+03	200	10	54.00	191.00	122.00	97.00	0.79			
10/15/2019	DWP	AV4	11B23H	11	B23	H	16.2		-3.21	37.14		24.91	24.65	6.50E+03	7.90E+03	200	10	653.00	786.00	719.00	94.00	0.13			
10/15/2019	DWP	AV4	12B23H	12	B23	H	16.2		-3.21	37.14		19.75	19.8	2.60E+05	2.60E+05	200	10	26460.00	25650.00	26055.00	573.00	0.02			
2/24/2020	DWP	AV4	17B15H	17	B15	H	18.7	0	-3.2884	35.9018	0.9894	15.39	15.943	1.73E+06	1.17E+06	200	10	173459.00	117347.00	145403.00	39678.00	0.27			
2/24/2020	DWP	AV4	18B15H	18	B15	H	18.7	0	-3.2884	35.9018	0.9894	16.59	16.914	7.44E+05	5.94E+05	200	10	74395.00	59437.00	66916.00	10577.00	0.16			
2/24/2020	DWP	AV4	19B15H	19	B15	H	18.7	0	-3.2884	35.9018	0.9894	16.59	17.014	7.44E+05	5.54E+05	200	10	74397.00	55429.00	64913.00	13412.00	0.21			
3/19/2020	DV	AV4	1B10I	1	B10	I	11.9	0.109	-3.1	33.93	1	25.57	25.28	4.95E+02	6.13E+02	200	10	50.00	61.00	55.00	8.00	0.15			
3/19/2020	DV	AV4	2B10I	2	B10	I	11.9	0.109	-3.1	33.93	1	27.75	26.7	9.81E+01	2.15E+02	200	10	10.00	21.00	16.00	8.00	0.53			
3/19/2020	DV	AV4	3B10I	3	B10	I	11.9	0.109	-3.1	33.93	1	29.53	29.53	2.63E+01	2.62E+01	200	10	3.00	3.00	3.00	0.00	0.00			
8/23/2019	DV	AV4	6B31I	6	B31	I	13.8	0.346	-3.311	36.42	0.999	23.7	27	6.94E+03	6.99E+02		10	694.10	69.90	382.00	441.00	1.16			
8/23/2019	DV	AV4	8B31I	8	B31	I	13.8	0.346	-3.311	36.42	0.999	23.01	23.34	1.12E+04	8.91E+03		10	1123.00	891.00	1007.00	164.00	0.16			
7/16/2019	DV	AV4	1B31I	1	B31	I	13.8	0.6721	-3.293	37.18	0.999	20.43	20.46	1.22E+05	1.19E+05		8.4	14535.70	14214.30	14375.00	227.00	0.02			
7/16/2019	DV	AV4	2B31I	2	B31	I	13.8	0.6721	-3.293	37.18	0.999	25.01	25.31	4.97E+03	4.03E+03		8.4	591.50	479.40	535.00	79.00	0.15			
7/16/2019	DV	AV4	3B31I	3	B31	I	13.8	0.6721	-3.293	37.18	0.999	23.13	23.36	1.85E+04	1.58E+04		14.7	1259.90	1074.80	1167.00	131.00	0.11			
7/16/2019	DV	AV4	4B31I	4	B31	I	13.8	0.6721	-3.293	37.18	0.999	22.73	22.69	2.46E+04	2.51E+04		10	2456.00	2513.00	2485.00	40.00	0.02			
9/19/2019	DWP	AV4	9B23I	9	B23	I	16.2		-3.3	37.25		23.28	22.55	1.70E+04	2.80E+04	200	10	1716.00	2845.00	2281.00	798.00	0.35			
10/15/2019	DWP	AV4	10B23I	10	B23	I	16.2		-3.21	37.14		26.57	26.23	2.00E+03	2.50E+03	200	10	197.00	253.00	225.00	39.00	0.17			
10/15/2019	DWP	AV4	11B23I	11	B23	I	16.2		-3.21	37.14		24.53	25.45	8.60E+03	4.40E+03	200	10	856.00	441.00	649.00	293.00	0.45			
10/15/2019	DWP	AV4	12B23I	12	B23	I	16.2		-3.21	37.14		20.58	20.48	1.50E+05	1.60E+05	200	10	14630.00	15700.00	15165.00	757.00	0.05			
2/24/2020	DWP	AV4	17B15I	17	B15	I	18.7	0	-3.2884	35.9018	0.9894	21.34	21.449	2.68E+04	2.48E+04	200	10	2683.00	2483.00	2583.00	142.00	0.05			
2/24/2020	DWP	AV4	18B15I	18	B15	I	18.7	0	-3.2884	35.9018	0.9894	26.26	26.262	8.53E+02	8.54E+02	49	2.45	348.00	348.00	348.00	0.00	0.00			
2/24/2020	DWP	AV4	19B15I	19	B15	I	18.7	0	-3.2884	35.9018	0.9894	21.13	21.447	3.10E+04	2.49E+04	200	10	3104.00	2488.00	2796.00	436.00	0.16			
3/19/2020	DV	AV4	1B10L	1	B10	L	11.9	0.109	-3.1	33.93	1	17.52	18.1	1.95E+05	1.27E+05	200	10	19502.00	12711.00	16106.00	4802.00	0.30			
3/19/2020	DV	AV4	2B10L	2	B10	L	11.9	0.109	-3.1	33.93	1	18.14	18.26	1.23E+05	1.13E+05	200	10	12301.00	11269.00	11785.00	730.00	0.06			
3/19/2020	DV	AV4	3B10L	3	B10	L	11.9	0.109	-3.1	33.93	1	19.4	19.62	4.85E+04	4.10E+04	200	10	4845.00	4096.00	4471.00	530.00	0.12			
8/23/2019	DV	AV4	5B31L	5	B31	L	13.8	0.346	-3.311	36.42	0.999	32	31.61	2.15E+01	2.83E+01		7.35	2.90	3.90	3.00	1.00	0.19			
8/23/2019	DV	AV4	6B31L	6	B31	L	13.8	0.346	-3.311	36.42	0.999	18.91	19.12	1.94E+05	1.68E+05		10	19420.00	16790.00	18105.00	1860.00	0.10			
8/23/2019	DV	AV4	7B31L	7	B31	L	13.8	0.346	-3.311	36.42	0.999	20.75	21.5	5.40E+04	3.21E+04		10	5400.00	3213.00	4307.00	1546.00	0.36			
8/23/2019	DV	AV4	8B31L	8	B31	L	13.8	0.346	-3.311	36.42	0.999	18.54	18.68	2.51E+05	2.27E+05		10	25070.00	22710.00	23890.00	1669.00	0.07			
7/16/2019	DV	AV4	4B31L	4	B31	L	13.8	0.6721	-3.293	37.18	0.999	18.69	18.61	4.13E+05	4.35E+05		10	41270.00	43520.00	42395.00	1591.00	0.04			
9/19/2019	DWP	AV4	9B23L	9	B23	L	16.2		-3.3	37.25		18.42	18.03	5.10E+05	6.70E+05	200	10	50640.00	66680.00	58660.00	11342.00	0.19			
10/15/2019	DWP	AV4	10B23L	10	B23	L	16.2		-3.21	37.14		27.2	26.86	1.30E+03	1.60E+03	200	10	126.00	160.00	143.00	24.00	0.17			
10/15/2019	DWP	AV4	11B23L	11	B23	L	16.2		-3.21	37.14		25.27	25.24	5.00E+03	5.10E+03	200	10	503.00	514.00	509.00	8.00	0.02			
10/15/2019	DWP	AV4	12B23L	12	B23	L	16.2		-3.21	37.14		21.97	21.67	5.40E+04	6.70E+04	200	10	5373.00	6674.00	6024.00	920.00	0.15			
2/24/2020	DWP	AV4	17B15L	17	B15	L	18.7	0	-3.2884	35.9018	0.9894	17.21	17.187	4.84E+05	4.91E+05	200	10	48375.00	49104.00	48740.00	515.00	0.01			
2/24/2020	DWP	AV4	18B15L	18	B15	L	18.7	0	-3.2884	35.9018	0.9894	18.6	19.052	1.82E+05	1.33E+05	200	10	18249.00	13302.00	15776.00	3498.00	0.22			
2/24/2020	DWP	AV4	19B15L	19	B15	L	18.7	0	-3.2884	35.9018	0.9894	17.66	18.221	3.52E+05	2.38E+05	200	10	35192.00	23816.00	29504.00	8044.00	0.27			
3/19/2020	DV	AV4	1B10O	1	B10	O	11.9	0.109	-3.1	33.93	1	21.36	21.28	1.13E+04	1.20E+04	200	10	1126.00	1197.00	1162.00	50.00	0.04			
3/19/2020	DV	AV4	2B10O	2	B10	O	11.9	0.109	-3.1	33.93	1	22.08	21.88	6.60E+03	7.67E+03	200	10	660.00	767.00	714.00	76.00	0.11			
3/19/2020	DV	AV4	3B10O	3	B10	O	11.9	0.109	-3.1	33.93	1	22.79	22.51	3.91E+03	4.80E+03	200	10	391.00	480.00	435.00	63.00	0.14			
8/23/2019	DV	AV4	6B31O	6	B31	O	13.8	0.346	-3.311	36.42	0.999	17.14	17.15	6.65E+05	6.59E+05		10	66540.00	65860.00	66200.00	481.00	0.01			
8/23/2019	DV	AV4	7B31O	7	B31	O	13.8	0.346	-3.311	36.42	0.999	23.16	23.46	1.01E+04	8.21E+03		10	1012.00	821.00	916.00	135.00	0.15			
8/23/2019	DV	AV4	8B31O	8	B31	O	13.8	0.346	-3.311	36.42	0.999	24.39	24.3	4.30E+03	4.55E+03		7.7	558.00	591.00	575.00	23.00	0.04			
7/16/2019	DV	AV4	1B31O	1	B31	O	13.8	0.6721	-3.293	37.18	0.999	17.32	17.68	1.07E+06	8.35E+05		8.4	127857.10	99440.50	113649.00	20094.00	0.18			
7/16/2019	DV	AV4	2B31O	2	B31	O	13.8	0.6721	-3.293	37.18	0.999	23.44	23.51	1.49E+04	1.42E+04		8.4	1777.40	1688.10	1733.00	63.00	0.04			
7/16/2019	DV	AV4	4B31O	4	B31	O	13.8	0.6721	-3.293	37.18	0.999	22.01	21.83	4.05E+04	4.61E+04		8.4	4818.00	5485.00	5151.00	471.00	0.09			
5/22/2019	DV	AV4	3B31O	3	B31	O	13.8	0.3245	-3.285	0	0.998	20.61	20.4	4.62E+04	5.34E+04		14.7	3140.14	3634.01	3387.07	349.22	0.10			
5/16/2019	DV	AV4	3B31O	3	B31	O	13.8	0.1738	-3.225	0	0.999	18.02	18.24	1.30E+05	1.10E+05		14.7	8823.13	7496.60	6988.89	2133.89	0.31	18.91	"68,310"	4.65E+03
9/19/2019	DWP	AV4	9B23O	9	B23	O	16.2		-3.3	37.25		29.67	30.78	2.00E+02	9.20E+01	200	10	20.00	9.00	14.00	8.00	0.52			
10/15/2019	DWP	AV4	10B23O	10	B23	O	16.2		-3.21	37.14		27.7	26.81	8.80E+02	1.70E+03	200	10	88.00	167.00	127.00	56.00	0.44			
10/15/2019	DWP	AV4	11B23O	11	B23	O	16.2		-3.21	37.14		24.57	24.83	8.30E+03	6.90E+03	200	10	833.00	692.00	762.00	100.00	0.13			
10/15/2019	DWP	AV4	12B23O	12	B23	O	16.2		-3.21	37.14		19.2	18.69	3.90E+05	5.70E+05	200	10	39320.00	56640.00	47980.00	12247.00	0.26			
2/24/2020	DWP	AV4	17B15O	17	B15	O	18.7	0	-3.2884	35.9018	0.9894	13.08	13.566	8.70E+06	6.20E+06	200	10	869831.00	619993.00	744912.00	176662.00	0.24			
2/24/2020	DWP	AV4	18B15O	18	B15	O	18.7	0	-3.2884	35.9018	0.9894	18.18	17.707	2.44E+05	3.41E+05	200	10	24438.00	34111.00	29274.00	6840.00	0.23			
2/24/2020	DWP	AV4	19B15O	19	B15	O	18.7	0	-3.2884	35.9018	0.9894	18.87	19.584	1.51E+05	9.17E+04	200	10	15083.00	9170.00	12126.00	4181.00	0.34			
3/19/2020	DV	AV4	1B10T	1	B10	T	11.9	0.109	-3.1	33.93	1	20.8	20.42	1.72E+04	2.27E+04	200	10	1718.00	2275.00	1996.00	394.00	0.20			
3/19/2020	DV	AV4	2B10T	2	B10	T	11.9	0.109	-3.1	33.93	1	19.83	20.21	3.53E+04	2.65E+04	200	10	3529.00	2650.00	3089.00	622.00	0.20			
3/19/2020	DV	AV4	3B10T	3	B10	T	11.9	0.109	-3.1	33.93	1	19.19	19.18	5.65E+04	5.71E+04	200	10	5655.00	5709.00	5682.00	38.00	0.01			
8/23/2019	DV	AV4	5B31T	5	B31	T	13.8	0.346	-3.311	36.42	0.999	30.02	29.77	8.53E+01	1.02E+02		7.7	11.10	13.20	12.00	2.00	0.12			
8/23/2019	DV	AV4	6B31T	6	B31	T	13.8	0.346	-3.311	36.42	0.999	19.66	19.64	1.16E+05	1.17E+05		10	11550.00	11650.00	11600.00	71.00	0.01			
8/23/2019	DV	AV4	8B31T	8	B31	T	13.8	0.346	-3.311	36.42	0.999	22.62	23.05	1.47E+04	1.09E+04		10	1471.00	1092.00	1282.00	268.00	0.21			
7/16/2019	DV	AV4	4B31T	4	B31	T	13.8	0.6721	-3.293	37.18	0.999	19.04	18.65	3.24E+05	4.24E+05		10	32360.00	42440.00	37400.00	7128.00	0.19			
9/19/2019	DWP	AV4	9B23T	9	B23	T	16.2		-3.3	37.25		21.64	21.86	5.40E+04	4.60E+04	200	10	5357.00	4606.00	4982.00	531.00	0.11			
10/15/2019	DWP	AV4	10B23T	10	B23	T	16.2		-3.21	37.14		27.9	28.4	7.60E+02	5.30E+02	200	10	76.00	53.00	65.00	16.00	0.25			
10/15/2019	DWP	AV4	11B23T	11	B23	T	16.2		-3.21	37.14		25.48	25.52	4.30E+03	4.20E+03	200	10	433.00	420.00	427.00	9.00	0.02			
10/15/2019	DWP	AV4	12B23T	12	B23	T	16.2		-3.21	37.14		20.99	21.41	1.10E+05	8.10E+04	200	10	10870.00	8053.00	9462.00	1992.00	0.21			
2/24/2020	DWP	AV4	17B15T	17	B15	T	18.7	0	-3.2884	35.9018	0.9894	18.28	18.028	2.28E+05	2.73E+05	200	10	22843.00	27260.00	25052.00	3123.00	0.12			
2/24/2020	DWP	AV4	18B15T	18	B15	T	18.7	0	-3.2884	35.9018	0.9894	20.95	20.738	3.51E+04	4.09E+04	200	10	3514.00	4087.00	3800.00	405.00	0.11			
2/24/2020	DWP	AV4	19B15T	19	B15	T	18.7	0	-3.2884	35.9018	0.9894	19.47	19.995	9.91E+04	6.87E+04	200	10	9908.00	6873.00	8390.00	2146.00	0.26			
3/19/2020	DV	AV4	1B10U	1	B10	U	11.9	0.109	-3.1	33.93	1	20.54	20.6	2.07E+04	1.98E+04	200	10	2074.00	1984.00	2029.00	63.00	0.03			
3/19/2020	DV	AV4	2B10U	2	B10	U	11.9	0.109	-3.1	33.93	1	18.49	18.5	9.53E+04	9.47E+04	200	10	9526.00	9473.00	9499.00	37.00	0.00			
3/19/2020	DV	AV4	3B10U	3	B10	U	11.9	0.109	-3.1	33.93	1	18.75	19.72	7.84E+04	3.82E+04	200	10	7844.00	3819.00	5831.00	2846.00	0.49			
9/19/2019	DWP	AV4	9B23U	9	B23	U	16.2		-3.3	37.25		21.24	20.89	7.10E+04	9.10E+04	200	10	7098.00	9068.00	8083.00	1393.00	0.17			
10/15/2019	DWP	AV4	10B23U	10	B23	U	16.2		-3.21	37.14		26.33	26.75	2.40E+03	1.70E+03	200	10	236.00	173.00	205.00	44.00	0.22			
10/15/2019	DWP	AV4	11B23U	11	B23	U	16.2		-3.21	37.14		25.64	24.82	3.90E+03	6.90E+03	200	10	386.00	695.00	540.00	219.00	0.40			
10/15/2019	DWP	AV4	12B23U	12	B23	U	16.2		-3.21	37.14		27.12	27.54	1.30E+03	9.90E+02	200	10	133.00	99.00	116.00	24.00	0.21			
2/24/2020	DWP	AV4	17B15U	17	B15	U	18.7	0	-3.2884	35.9018	0.9894	19.97	20.209	7.01E+04	5.92E+04	200	10	7013.00	5917.00	6465.00	775.00	0.12			
2/24/2020	DWP	AV4	18B15U	18	B15	U	18.7	0	-3.2884	35.9018	0.9894	20.02	20.425	6.77E+04	5.09E+04	200	10	6768.00	5087.00	5928.00	1189.00	0.20			
2/24/2020	DWP	AV4	19B15U	19	B15	U	18.7	0	-3.2884	35.9018	0.9894	18.14	17.929	2.52E+05	2.92E+05	200	10	25216.00	29215.00	27215.00	2828.00	0.10			
