Date_Run	BY	Primer	Sample	Animal	Group	Tissue	Age	Threshold	Slope	Intercept	R2	CT1	CT2	Copy_1	Copy_2	ng_RNA	CONV>ng RNA	per_ng_1	per_ng_2	Mean	Stdev	Coeff_pct	CT3	Copy_3	per_ng_3
5/22/2019	DV	AV4	4WA	4	W	A	NA	0.3245	-3.285	0	0.998	NA	49.85	NA	5.80E-05		11.85	  	0	0.16	0.22	1.41	34.05	3.76	3.17E-01
7/5/2019	DV	AV4	8WA	8	W	A	NA	0.5126	-3.254	37.18	0.999	33.85	33.18	1.13E+01	1.82E+01		10	1.1	1.8	1.5	0.5	0.33			
5/22/2019	DV	AV4	2WA	2	W	A	NA	0.3245	-3.285	0	0.998	32.2	31.4	1.37E+01	2.41E+01		8.4	1.63	2.87	1.74	1.07	0.62	33.35	6.14	7.31E-01
5/22/2019	DV	AV4	1WA	1	W	A	NA	0.3245	-3.285	0	0.998	28.52	28.2	1.81E+02	2.26E+02		8.4	21.49	26.94	29.11	8.9	0.31	27.68	3.27E+02	3.89E+01
5/22/2019	DV	AV4	3WA	3	W	A	NA	0.3245	-3.285	0	0.998	23.44	23.45	6.35E+03	6.32E+03		11.85	535.61	532.91	486.61	82.55	0.17	23.89	4.64E+03	3.91E+02
7/5/2019	DV	AV4	7WA	7	W	A	NA	0.5126	-3.254	37.18	0.999	21.66	21.67	6.27E+04	6.26E+04		10	6273	6259	6266	10	0			
9/24/2019	DV	AV4	10WA	10	W	A	NA	0.1968	-3.324	35.6	0.997	18.7	19.5	1.26E+05	7.21E+04		10	12590	7212	9901	3803	0.38			
11/11/2019	DV	AV4	12WA	12	W	A	NA	0.6527	-3.162	36.57	0.997	18.62	18.51	4.74E+05	5.16E+05		10	47420	51640	49530	2984	0.06			
11/11/2019	DV	AV4	11WA	11	W	A	NA	0.6527	-3.162	36.57	0.997	17.7	17.73	9.30E+05	9.12E+05		10	92950	91190	92070	1245	0.01			
9/24/2019	DV	AV4	9WA	9	W	A	NA	0.1968	-3.324	35.6	0.997	15.64	15.78	1.05E+06	9.54E+05		10	104700	95350	100025	6611	0.07			
11/11/2019	DV	AV4	13WA	13	W	A	NA	0.6527	-3.162	36.57	0.997	17	16.73	1.55E+06	1.88E+06		10	155000	188100	171550	23405	0.14			
5/22/2019	DV	AV4	4WG	4	W	G	NA	0.3245	-3.285	0	0.998	43.45	49.17	5.17E-03	9.36E-05		11.85	0	0	0	0	1.36	NA	NA	
7/5/2019	DV	AV4	8WG	8	W	G	NA	0.5126	-3.254	37.18	0.999	31.26	31.52	7.03E+01	5.84E+01		10	7	5.8	6.4	0.8	0.13			
5/22/2019	DV	AV4	3WG	3	W	G	NA	0.3245	-3.285	0	0.998	22.26	22.14	1.45E+04	1.59E+04		11.85	1226.16	1338.4	1286.08	56.5	0.04	22.19	1.53E+04	1.29E+03
11/11/2019	DV	AV4	12WG	12	W	G	NA	0.6527	-3.162	36.57	0.997	21.35	20.98	6.53E+04	8.52E+04		10	6533	8517	7525	1403	0.19			
11/11/2019	DV	AV4	11WG	11	W	G	NA	0.6527	-3.162	36.57	0.997	22.13	20.53	3.69E+04	1.18E+05		10	3686	11810	7748	5745	0.74			
9/24/2019	DV	AV4	10WG	10	W	G	NA	0.1968	-3.324	35.6	0.997	18.8	18.89	1.18E+05	1.10E+05		10	11760	11020	11390	523	0.05			
7/5/2019	DV	AV4	7WG	7	W	G	NA	0.5126	-3.254	37.18	0.999	20.73	20.84	1.21E+05	1.12E+05		10	12110	11200	11655	643	0.06			
9/24/2019	DV	AV4	9WG	9	W	G	NA	0.1968	-3.324	35.6	0.997	17.41	17.79	3.08E+05	2.36E+05		10	30790	23600	27195	5084	0.19			
11/11/2019	DV	AV4	13WG	13	W	G	NA	0.6527	-3.162	36.57	0.997	18.4	18.33	5.58E+05	5.87E+05		10	55790	58650	57220	2022	0.04			
5/22/2019	DV	AV4	4WH	4	W	H	NA	0.3245	-3.285	0	0.998	33.72	33.52	4.73E+00	5.45E+00		11.85	0.4	0.46	0.55	0.22	0.39	32.72	9.53	8.04E-01
7/5/2019	DV	AV4	8WH	8	W	H	NA	0.5126	-3.254	37.18	0.999	32.18	33.07	3.69E+01	1.96E+01		10	3.7	2	2.8	1.2	0.43			
5/22/2019	DV	AV4	3WH	3	W	H	NA	0.3245	-3.285	0	0.998	21.08	21.31	3.34E+04	2.84E+04		11.85	2816.03	2393.25	2175.25	773.19	0.36	22.16	1.56E+04	1.32E+03
7/5/2019	DV	AV4	7WH	7	W	H	NA	0.5126	-3.254	37.18	0.999	17.23	16.87	1.44E+06	1.87E+06		10	144100	186600	165350	30052	0.18			
5/22/2019	DV	AV4	4WI	4	W	I	NA	0.3245	-3.285	0	0.998	45.36	NA	1.35E-03	NA		11.85	0	  	0			NA	NA	
5/22/2019	DV	AV4	1WI	1	W	I	NA	0.3245	-3.285	0	0.998	35.2	33.46	1.67E+00	5.69E+00		8.4	0.2	0.68	0.41	0.24	0.6	34.39	2.95	3.51E-01
5/22/2019	DV	AV4	2WI	2	W	I	NA	0.3245	-3.285	0	0.998	30.25	29.97	5.36E+01	6.54E+01		8.4	6.38	7.79	7.05	0.71	0.1	30.13	5.86E+01	6.98E+00
7/5/2019	DV	AV4	7WI	7	W	I	NA	0.5126	-3.254	37.18	0.999	27.76	27.68	8.37E+02	8.88E+02		10	83.7	88.8	86	4	0.04			
5/22/2019	DV	AV4	3WI	3	W	I	NA	0.3245	-3.285	0	0.998	24.77	24.88	2.50E+03	2.32E+03		11.85	211.14	195.95	208.89	11.97	0.06	24.72	2.60E+03	2.20E+02
9/24/2019	DV	AV4	10WI	10	W	I	NA	0.1968	-3.324	35.6	0.997	22.29	22.57	1.05E+04	8.61E+03		10	1049	861	955	133	0.14			
11/11/2019	DV	AV4	11WI	11	W	I	NA	0.6527	-3.162	36.57	0.997	23.32	23.37	1.56E+04	1.50E+04		10	1556	1500	1528	40	0.03			
11/11/2019	DV	AV4	13WI	13	W	I	NA	0.6527	-3.162	36.57	0.997	21.88	21.78	4.44E+04	4.75E+04		10	4439	4749	4594	219	0.05			
11/11/2019	DV	AV4	12WI	12	W	I	NA	0.6527	-3.162	36.57	0.997	21.67	21.51	5.16E+04	5.81E+04		10	5157	5810	5484	462	0.08			
9/24/2019	DV	AV4	9WI	9	W	I	NA	0.1968	-3.324	35.6	0.997	19.04	NA	9.97E+04	NA		10	9965	  	9965					
7/5/2019	DV	AV4	8WL	8	W	L	NA	0.5126	-3.254	37.18	0.999	32.96	32.79	2.12E+01	2.39E+01		10	2.1	2.4	2.3	0.2	0.08			
5/22/2019	DV	AV4	4WL	4	W	L	NA	0.3245	-3.285	0	0.998	30.55	30.82	4.35E+01	3.61E+01		11.85	3.67	3.05	3.67	0.62	0.17	30.33	5.09E+01	4.30E+00
11/11/2019	DV	AV4	11WL	11	W	L	NA	0.6527	-3.162	36.57	0.997	22.27	22.37	3.33E+04	3.10E+04		10	3331	3099	3215	164	0.05			
11/11/2019	DV	AV4	12WL	12	W	L	NA	0.6527	-3.162	36.57	0.997	20.53	20.68	1.18E+05	1.06E+05		10	11830	10630	11230	849	0.08			
5/22/2019	DV	AV4	3WL	3	W	L	NA	0.3245	-3.285	0	0.998	18.65	18.52	1.83E+05	2.01E+05		11.85	15409.28	16945.15	16025.32	811.75	0.05	18.62	1.86E+05	1.57E+04
11/11/2019	DV	AV4	13WL	13	W	L	NA	0.6527	-3.162	36.57	0.997	19.75	19.92	2.08E+05	1.85E+05		10	20840	18470	19655	1676	0.09			
9/24/2019	DV	AV4	9WL	9	W	L	NA	0.1968	-3.324	35.6	0.997	17.65	17.99	2.61E+05	2.06E+05		10	26120	20620	23370	3889	0.17			
9/24/2019	DV	AV4	10WL	10	W	L	NA	0.1968	-3.324	35.6	0.997	17.85	17.7	2.27E+05	2.52E+05		10	22690	25210	23950	1782	0.07			
7/5/2019	DV	AV4	7WL	7	W	L	NA	0.5126	-3.254	37.18	0.999	19.81	19.23	2.32E+05	3.52E+05		10	23230	35190	29210	8457	0.29			
5/22/2019	DV	AV4	2WO	2	W	O	NA	0.3245	-3.285	0	0.998	NA	48.18	NA	1.87E-04		8.4	  	0	0			NA	NA	
7/5/2019	DV	AV4	8WO	8	W	O	NA	0.5126	-3.254	37.18	0.999	35.95	34.45	2.55E+00	7.39E+00		10	0.3	0.7	0.5	0.3	0.69			
5/22/2019	DV	AV4	4WO	4	W	O	NA	0.3245	-3.285	0	0.998	30.96	32.17	3.28E+01	1.40E+01		11.85	2.77	1.18	2.21	0.9	0.4	30.99	3.20E+01	2.70E+00
5/22/2019	DV	AV4	1WO	1	W	O	NA	0.3245	-3.285	0	0.998	26.27	26.86	8.77E+02	5.80E+02		8.4	104.39	69.05	89.71	18.42	0.21	26.39	8.04E+02	9.57E+01
5/22/2019	DV	AV4	3WO	3	W	O	NA	0.3245	-3.285	0	0.998	23.56	23.72	5.86E+03	5.23E+03		11.85	494.26	440.93	459.75	29.93	0.07	23.71	5.26E+03	4.44E+02
9/24/2019	DV	AV4	10WO	10	W	O	NA	0.1968	-3.324	35.6	0.997	21.58	21.41	1.72E+04	1.92E+04		10	1716	1920	1818	144	0.08			
7/5/2019	DV	AV4	7WO	7	W	O	NA	0.5126	-3.254	37.18	0.999	22.95	22.83	2.52E+04	2.74E+04		10	2522	2739	2631	153	0.06			
11/11/2019	DV	AV4	11WO	11	W	O	NA	0.6527	-3.162	36.57	0.997	20.78	20.47	9.88E+04	1.23E+05		10	9878	12340	11109	1741	0.16			
11/11/2019	DV	AV4	12WO	12	W	O	NA	0.6527	-3.162	36.57	0.997	18.97	18.83	3.68E+05	4.10E+05		10	36780	40960	38870	2956	0.08			
11/11/2019	DV	AV4	13WO	13	W	O	NA	0.6527	-3.162	36.57	0.997	18.83	18.87	4.07E+05	3.97E+05		10	40690	39700	40195	700	0.02			
9/24/2019	DV	AV4	9WO	9	W	O	NA	0.1968	-3.324	35.6	0.997	14.96	14.86	1.68E+06	1.80E+06		10	167700	179500	173600	8344	0.05			
5/22/2019	DV	AV4	4WT	4	W	T	NA	0.3245	-3.285	0	0.998	35.25	NA	1.61E+00	NA		11.85	0.14	  	0.53	0.55	1.05	32.53	1.09E+01	9.16E-01
7/5/2019	DV	AV4	8WT	8	W	T	NA	0.5126	-3.254	37.18	0.999	32.93	33.35	2.16E+01	1.61E+01		10	2.2	1.6	1.9	0.4	0.21			
11/11/2019	DV	AV4	12WT	12	W	T	NA	0.6527	-3.162	36.57	0.997	26.6	26.53	1.42E+03	1.50E+03		10	142	150	146	5	0.03			
9/24/2019	DV	AV4	9WT	9	W	T	NA	0.1968	-3.324	35.6	0.997	24.22	24.31	2.75E+03	2.58E+03		10	275	258	266	12	0.05			
9/24/2019	DV	AV4	10WT	10	W	T	NA	0.1968	-3.324	35.6	0.997	23.73	23.93	3.87E+03	3.35E+03		10	387	335	361	36	0.1			
11/11/2019	DV	AV4	11WT	11	W	T	NA	0.6527	-3.162	36.57	0.997	25.14	25.09	4.13E+03	4.28E+03		10	413	428	420	10	0.02			
11/11/2019	DV	AV4	13WT	13	W	T	NA	0.6527	-3.162	36.57	0.997	24.86	24.95	5.07E+03	4.73E+03		10	507	473	490	25	0.05			
5/22/2019	DV	AV4	3WT	3	W	T	NA	0.3245	-3.285	0	0.998	22.4	22.41	1.32E+04	1.31E+04		11.85	1113.92	1102.11	1119.55	20.83	0.02	22.36	1.35E+04	1.14E+03
7/5/2019	DV	AV4	7WT	7	W	T	NA	0.5126	-3.254	37.18	0.999	20.7	21.44	1.24E+05	7.35E+04		10	12360	7345	9853	3546	0.36			
9/24/2019	DV	AV4	10WU	10	W	U	NA	0.1968	-3.324	35.6	0.997	23.41	23.5	4.80E+03	4.51E+03		10	480	451	466	21	0.04			
11/11/2019	DV	AV4	11WU	11	W	U	NA	0.6527	-3.162	36.57	0.997	23.6	23.67	1.27E+04	1.20E+04		10	1265	1202	1234	45	0.04			
11/11/2019	DV	AV4	13WU	13	W	U	NA	0.6527	-3.162	36.57	0.997	22.62	22.73	2.58E+04	2.39E+04		10	2577	2392	2485	131	0.05			
11/11/2019	DV	AV4	12WU	12	W	U	NA	0.6527	-3.162	36.57	0.997	22.38	22.48	3.09E+04	2.86E+04		10	3086	2863	2975	158	0.05			
9/24/2019	DV	AV4	9WU	9	W	U	NA	0.1968	-3.324	35.6	0.997	20.17	20.29	4.54E+04	4.19E+04		10	4535	4190	4363	244	0.06			
